angle : [
  standardDeviation : 21.5515913400491
  tetrahedral : [
    109 : [
      count : 90
      mean : 103.900437258002
      standardDeviation : 21.5515913400491
      variance : 464.471089288479
      ]
    ]
  variance : 464.471089288479
  ]
distance : [
  S : [
    count : 55
    max : 3.11441069867158
    mean : 2.4340941762023
    min : 2.11366056877636
    standardDeviation : 0.215012632854803
    variance : 0.0462304322871544
    ]
  average : [
    count : 60
    max : 3.18415420480855
    mean : 2.46110796412115
    min : 2.11366056877636
    standardDeviation : 0.260695267070162
    variance : 0.0679620222727833
    ]
  ]
